研26202,16256.1201171875,15944.169921875,2022-11-28 06:09:25
